255 255 255 255 255 255 255 255 255 255 255 255 255 255 255 255
255 112  64  64  64 207 112 255 207 207 207  64  64  64 112 255
255  64 239 191 191 191  48  48  64 207 191 191 191 239  64 255
255  64 191   0 191 191 143 143 255 112 191 191   0 191  64 255
255  64 191 191 143 191 191 191  48  48 191 143 191 191  64 255
255 207 191 191 191 239 239 239 239 239 239 191 191 191 207 255
255 255  16  64  48 239  64 207 191  48  48  96  48 239 112 255
255 255 159 207  48 239  16  16  48 191  48 239 191 239 255 255
255  64 255  64 239 191 159 207 239 239   0  48  48 191 207 255
255  64 255  64 239  48 207 255 239 239  48 239 191  48  64 255
255 207 191 191 191  96 207 159 239 239  96 239  48 191  64 255
255  64 191 191 143 191 207  16 191 191 239 239  48 191 207 255
255  64 191   0 191 191 191  96  48 191  64  64  48 239 207 255
255  64 239 191 191 191 143 191 239 239  64  64  48  96 207 255
255 112  64  64  64 207  64 207 255 112 255 255 207  64 112 255
255 255 255 255 255 255 255 255 255 255 255 255 255 255 255 255
255 255 255 255 255 255 255 255 255 255 255 255 255 255 255 255
255 112  64  64  64 207 112 255 207 207 207  64  64  64 112 255
255  64 239 191 191 191  48  48  64 207 191 191 191 239  64 255
255  64 191   0 191 191 143 143 255 112 191 191   0 191  64 255
255  64 191 191 143 191 191 191  48  48 191 143 191 191  64 255
255 207 191 191 191 239 239 239 239 239 239 191 191 191 207 255
255 255  16  64  48 239  64 207 191  48  48  96  48 239 112 255
255 255 159 207  48 239  16  16  48 191  48 239 191 239 255 255
255  64 255  64 239 191 159 207 239 239   0  48  48 191 207 255
255  64 255  64 239  48 207 255 239 239  48 239 191  48  64 255
255 207 191 191 191  96 207 159 239 239  96 239  48 191  64 255
255  64 191 191 143 191 207  16 191 191 239 239  48 191 207 255
255  64 191   0 191 191 191  96  48 191  64  64  48 239 207 255
255  64 239 191 191 191 143 191 239 239  64  64  48  96 207 255
255 112  64  64  64 207  64 207 255 112 255 255 207  64 112 255
255 255 255 255 255 255 255 255 255 255 255 255 255 255 255 255
255 255 255 255 255 255 255 255 255 255 255 255 255 255 255 255
255 112  64  64  64 207 112 255 207 207 207  64  64  64 112 255
255  64 239 191 191 191  48  48  64 207 191 191 191 239  64 255
255  64 191   0 191 191 143 143 255 112 191 191   0 191  64 255
255  64 191 191 143 191 191 191  48  48 191 143 191 191  64 255
255 207 191 191 191 239 239 239 239 239 239 191 191 191 207 255
255 255  16  64  48 239  64 207 191  48  48  96  48 239 112 255
255 255 159 207  48 239  16  16  48 191  48 239 191 239 255 255
255  64 255  64 239 191 159 207 239 239   0  48  48 191 207 255
255  64 255  64 239  48 207 255 239 239  48 239 191  48  64 255
255 207 191 191 191  96 207 159 239 239  96 239  48 191  64 255
255  64 191 191 143 191 207  16 191 191 239 239  48 191 207 255
255  64 191   0 191 191 191  96  48 191  64  64  48 239 207 255
255  64 239 191 191 191 143 191 239 239  64  64  48  96 207 255
255 112  64  64  64 207  64 207 255 112 255 255 207  64 112 255
255 255 255 255 255 255 255 255 255 255 255 255 255 255 255 255

255 255 255 255 255 255 255 255 255 255 255 255 255 255 255 255
255 112  64  64  64 207 112 255 207  64  64 207 207 207 112 255
255  64 239 191 191 191 239 239 191  48 191 191 239  96  64 255
255  64 191   0 191 191  48 191  48 191  48  48  48  48 207 255
255  64 191 191 143 191  96 239  48 239 239 239  64  64 255 255
255 207 191 191 191 239  48  48   0  48  96 239  64  64 255 255
255 207 207 112  48 239  48 191 239 239 239 191 191 239 112 255
255 207  64 255  48 239 191  48 239 239 239 191  48 239 255 255
255 255  48 143 191 239 207  16 207 255 159  16  96 191 207 255
255 112  48 143 191 239  64  16 159 207 207 207 191 143  64 255
255 207 191 191 191 239 239 239 191  48  96 191 191 191 207 255
255  64 191 191 143 191  48  48 239 239 191 143 191 191  64 255
255  64 191   0 191 191  64 207  64  64 191 191   0 191  64 255
255  64 239 191 191 191  16 159 255 255 191 191 191 239  64 255
255 112  64  64  64 207 255 255  64  64 207  64  64  64 112 255
255 255 255 255 255 255 255 255 255 255 255 255 255 255 255 255
255 255 255 255 255 255 255 255 255 255 255 255 255 255 255 255
255 112  64  64  64 207 112 255 207  64  64 207 207 207 112 255
255  64 239 191 191 191 239 239 191  48 191 191 239  96  64 255
255  64 191   0 191 191  48 191  48 191  48  48  48  48 207 255
255  64 191 191 143 191  96 239  48 239 239 239  64  64 255 255
255 207 191 191 191 239  48  48   0  48  96 239  64  64 255 255
255 207 207 112  48 239  48 191 239 239 239 191 191 239 112 255
255 207  64 255  48 239 191  48 239 239 239 191  48 239 255 255
255 255  48 143 191 239 207  16 207 255 159  16  96 191 207 255
255 112  48 143 191 239  64  16 159 207 207 207 191 143  64 255
255 207 191 191 191 239 239 239 191  48  96 191 191 191 207 255
255  64 191 191 143 191  48  48 239 239 191 143 191 191  64 255
255  64 191   0 191 191  64 207  64  64 191 191   0 191  64 255
255  64 239 191 191 191  16 159 255 255 191 191 191 239  64 255
255 112  64  64  64 207 255 255  64  64 207  64  64  64 112 255
255 255 255 255 255 255 255 255 255 255 255 255 255 255 255 255
255 255 255 255 255 255 255 255 255 255 255 255 255 255 255 255
255 112  64  64  64 207 112 255 207  64  64 207 207 207 112 255
255  64 239 191 191 191 239 239 191  48 191 191 239  96  64 255
255  64 191   0 191 191  48 191  48 191  48  48  48  48 207 255
255  64 191 191 143 191  96 239  48 239 239 239  64  64 255 255
255 207 191 191 191 239  48  48   0  48  96 239  64  64 255 255
255 207 207 112  48 239  48 191 239 239 239 191 191 239 112 255
255 207  64 255  48 239 191  48 239 239 239 191  48 239 255 255
255 255  48 143 191 239 207  16 207 255 159  16  96 191 207 255
255 112  48 143 191 239  64  16 159 207 207 207 191 143  64 255
255 207 191 191 191 239 239 239 191  48  96 191 191 191 207 255
255  64 191 191 143 191  48  48 239 239 191 143 191 191  64 255
255  64 191   0 191 191  64 207  64  64 191 191   0 191  64 255
255  64 239 191 191 191  16 159 255 255 191 191 191 239  64 255
255 112  64  64  64 207 255 255  64  64 207  64  64  64 112 255
255 255 255 255 255 255 255 255 255 255 255 255 255 255 255 255

255 254 254 254 255 255 254 255 254 254 254 254 254 254 254 255
254 171 118 220 239 239 173 247 217 116 160 121 116 115 163 254
254 189 108  60  91  87 189 159 127  99  97 195 153 207 115 254
254 188 184  67  94  68 114  59  85 113  98 191   4 153 116 254
254 215 190  53 222 127 162 184  82 193 176 167 191 194 121 254
254 114 197  74 127  72 109 121 145 168  73 176 132 174 167 254
254 110 111 177 173 112 198 152 182 197  97 209  61 223 116 254
254 176 152  87  43  85 177 169 155 126 107 160 108 218 159 254
254 205 187 153 154 108 135 107  89  68 201  47 214 161 251 255
254 173 208 126  85  76  59 150 179  82 200  78  59  30 216 254
254 219 132 176 128 144 129  89 145 131 115 176  98  97 160 254
254 121 194 191 167 176  78  98 186 168 112 167 191 194 121 254
254 116 154   4 191 116  88 172 123 134 176 191   4 153 116 254
254 115 207 153 194 196 198  93  65  47 132 195 153 207 115 254
254 163 115 116 121 167 201 213 238 161 219 121 116 115 163 254
255 254 254 254 254 254 254 254 255 254 254 254 254 254 254 255
255 254 254 254 255 255 254 255 254 254 254 254 254 254 254 255
254 171 118 220 239 239 173 247 217 116 160 121 116 115 163 254
254 189 108  60  91  87 189 159 127  99  97 195 153 207 115 254
254 188 184  67  94  68 114  59  85 113  98 191   4 153 116 254
254 215 190  53 222 127 162 184  82 193 176 167 191 194 121 254
254 114 197  74 127  72 109 121 145 168  73 176 132 174 167 254
254 110 111 177 173 112 198 152 182 197  97 209  61 223 116 254
254 176 152  87  43  85 177 169 155 126 107 160 108 218 159 254
254 205 187 153 154 108 135 107  89  68 201  47 214 161 251 255
254 173 208 126  85  76  59 150 179  82 200  78  59  30 216 254
254 219 132 176 128 144 129  89 145 131 115 176  98  97 160 254
254 121 194 191 167 176  78  98 186 168 112 167 191 194 121 254
254 116 154   4 191 116  88 172 123 134 176 191   4 153 116 254
254 115 207 153 194 196 198  93  65  47 132 195 153 207 115 254
254 163 115 116 121 167 201 213 238 161 219 121 116 115 163 254
255 254 254 254 254 254 254 254 255 254 254 254 254 254 254 255
255 254 254 254 255 255 254 255 254 254 254 254 254 254 254 255
254 171 118 220 239 239 173 247 217 116 160 121 116 115 163 254
254 189 108  60  91  87 189 159 127  99  97 195 153 207 115 254
254 188 184  67  94  68 114  59  85 113  98 191   4 153 116 254
254 215 190  53 222 127 162 184  82 193 176 167 191 194 121 254
254 114 197  74 127  72 109 121 145 168  73 176 132 174 167 254
254 110 111 177 173 112 198 152 182 197  97 209  61 223 116 254
254 176 152  87  43  85 177 169 155 126 107 160 108 218 159 254
254 205 187 153 154 108 135 107  89  68 201  47 214 161 251 255
254 173 208 126  85  76  59 150 179  82 200  78  59  30 216 254
254 219 132 176 128 144 129  89 145 131 115 176  98  97 160 254
254 121 194 191 167 176  78  98 186 168 112 167 191 194 121 254
254 116 154   4 191 116  88 172 123 134 176 191   4 153 116 254
254 115 207 153 194 196 198  93  65  47 132 195 153 207 115 254
254 163 115 116 121 167 201 213 238 161 219 121 116 115 163 254
255 254 254 254 254 254 254 254 255 254 254 254 254 254 254 255

255 255 254 254 254 255 254 254 255 255 255 254 254 254 255 255
255 164 116 116 122 168 116 159 252 216 160 122 116 116 164 255
254 116 208 153 195 175 223 219 162  30  97 195 153 208 116 254
254 116 153   5 191 133  62 108 215  59  98 191   5 153 116 254
254 122 195 192 168 177 209 161  47  78 177 168 192 195 122 254
255 160  97  98 177  73  97 108 202 200 115 113 176 133 219 255
254 116  99 113 193 168 197 126  69  83 132 169 135  48 162 255
255 218 128  85  83 145 182 155  89 180 146 186 124  66 239 255
255 247 160  59 185 121 152 170 107 151  90  99 173  93 213 255
255 173 189 115 163 109 199 178 136  60 129  78  89 198 201 255
255 239  87  69 128  72 112  86 108  76 144 177 116 196 168 255
255 239  91  95 222 128 174  44 155  85 129 168 191 195 122 254
255 220  61  67  54  74 177  88 153 126 176 191   5 153 116 254
254 119 109 184 190 198 112 152 187 208 133 195 154 208 116 254
255 172 189 189 215 115 111 176 206 173 219 122 116 116 164 255
255 255 255 255 255 254 254 255 255 255 255 254 254 254 255 255
255 255 254 254 254 255 254 254 255 255 255 254 254 254 255 255
255 164 116 116 122 168 116 159 252 216 160 122 116 116 164 255
254 116 208 153 195 175 223 219 162  30  97 195 153 208 116 254
254 116 153   5 191 133  62 108 215  59  98 191   5 153 116 254
254 122 195 192 168 177 209 161  47  78 177 168 192 195 122 254
255 160  97  98 177  73  97 108 202 200 115 113 176 133 219 255
254 116  99 113 193 168 197 126  69  83 132 169 135  48 162 255
255 218 128  85  83 145 182 155  89 180 146 186 124  66 239 255
255 247 160  59 185 121 152 170 107 151  90  99 173  93 213 255
255 173 189 115 163 109 199 178 136  60 129  78  89 198 201 255
255 239  87  69 128  72 112  86 108  76 144 177 116 196 168 255
255 239  91  95 222 128 174  44 155  85 129 168 191 195 122 254
255 220  61  67  54  74 177  88 153 126 176 191   5 153 116 254
254 119 109 184 190 198 112 152 187 208 133 195 154 208 116 254
255 172 189 189 215 115 111 176 206 173 219 122 116 116 164 255
255 255 255 255 255 254 254 255 255 255 255 254 254 254 255 255
255 255 254 254 254 255 254 254 255 255 255 254 254 254 255 255
255 164 116 116 122 168 116 159 252 216 160 122 116 116 164 255
254 116 208 153 195 175 223 219 162  30  97 195 153 208 116 254
254 116 153   5 191 133  62 108 215  59  98 191   5 153 116 254
254 122 195 192 168 177 209 161  47  78 177 168 192 195 122 254
255 160  97  98 177  73  97 108 202 200 115 113 176 133 219 255
254 116  99 113 193 168 197 126  69  83 132 169 135  48 162 255
255 218 128  85  83 145 182 155  89 180 146 186 124  66 239 255
255 247 160  59 185 121 152 170 107 151  90  99 173  93 213 255
255 173 189 115 163 109 199 178 136  60 129  78  89 198 201 255
255 239  87  69 128  72 112  86 108  76 144 177 116 196 168 255
255 239  91  95 222 128 174  44 155  85 129 168 191 195 122 254
255 220  61  67  54  74 177  88 153 126 176 191   5 153 116 254
254 119 109 184 190 198 112 152 187 208 133 195 154 208 116 254
255 172 189 189 215 115 111 176 206 173 219 122 116 116 164 255
255 255 255 255 255 254 254 255 255 255 255 254 254 254 255 255
